picture1:  x_pos :  0.00358907924965024 
         y_pos :  -0.03631043806672096 
         z_ori :  0.03476289557684447
         
 robot =
 [[-0.99959783  0.01466182 -0.02427348  0.00358455]
 [ 0.01304543  0.99776993  0.06545976 -0.03627743]
 [ 0.02517911  0.06511677 -0.99755993  2.27370238]
 [ 0.          0.          0.          1.        ]]      
 
 picture2:  x_pos :  -0.6215664744377136 
         y_pos :  0.001986161107197404 
         z_ori :  0.0017786656848411922
         
         robot =
 [[-9.98203535e-01 -1.29723506e-02 -5.84929202e-02 -6.21739686e-01]
 [-1.30523304e-02  9.99914329e-01  9.85472067e-04  1.87374104e-03]
 [ 5.84751252e-02  1.74717062e-03 -9.98287337e-01  2.23625183e+00]
 [ 0.00000000e+00  0.00000000e+00  0.00000000e+00  1.00000000e+00]]
 
 picture3:   x_pos :  -0.4338276982307434 
         y_pos :  0.47968074679374695 
         z_ori :  -0.2027580828095884
         
         robot =
 [[-0.93641461  0.07117678  0.34360085 -0.43381014]
 [-0.07407918  0.91704085 -0.39185247  0.47959706]
 [-0.34298681 -0.39239005 -0.85345773  2.25967717]
 [ 0.          0.          0.          1.        ]]
#return
